---------------------------------Begin Result 1---------------------------------

File_Name = 'Montage_25.xml'

Input_Training = [[25, 25, 25, 25, 25, 25, 25, 25, 25, 25, 25, 25, 25, 25, 25, 25, 25, 25, 25, 25, 25, 25, 25, 25, 25], [14, 14, 14, 14, 14, 14, 14, 14, 14, 14, 14, 14, 14, 5, 29, 4, 5, 14, 15, 15, 24, 20, 4, 4, 3], [25, 25, 25, 25, 25, 25, 25, 25, 25, 25, 25, 25, 25, 25, 25, 25, 25, 25, 25, 25, 25, 25, 29, 9, 29], [25, 25, 25, 25, 25, 29, 29, 24, 24, 25, 26, 26, 26, 26, 10, 10, 10, 25, 25, 25, 25, 24, 29, 9, 4], [14, 14, 14, 14, 14, 5, 29, 14, 14, 14, 14, 14, 14, 5, 10, 10, 15, 15, 15, 15, 25, 10, 19, 10, 10], [14, 14, 14, 14, 14, 14, 14, 14, 14, 14, 14, 14, 14, 5, 29, 4, 5, 14, 15, 15, 24, 20, 4, 4, 25], [14, 14, 14, 14, 14, 5, 29, 14, 14, 14, 14, 14, 14, 5, 10, 10, 14, 15, 15, 15, 25, 19, 14, 14, 29], [14, 14, 14, 14, 14, 5, 29, 14, 14, 14, 14, 14, 14, 5, 10, 10, 15, 15, 15, 15, 25, 10, 19, 18, 10], [14, 14, 14, 14, 14, 5, 29, 14, 14, 14, 14, 14, 14, 5, 10, 10, 15, 15, 15, 15, 25, 10, 19, 10, 29], [14, 14, 14, 14, 14, 5, 29, 14, 14, 14, 14, 14, 14, 5, 10, 10, 14, 15, 15, 15, 25, 19, 14, 14, 4], [25, 25, 25, 25, 25, 25, 25, 25, 25, 25, 25, 25, 25, 25, 25, 25, 9, 29, 19, 25, 25, 9, 0, 19, 25], [25, 25, 25, 25, 25, 29, 29, 24, 24, 25, 26, 26, 26, 26, 10, 10, 10, 25, 25, 25, 25, 24, 29, 9, 25], [25, 25, 25, 25, 25, 29, 29, 24, 24, 25, 26, 26, 26, 26, 10, 10, 10, 25, 25, 25, 25, 24, 29, 0, 4], [25, 25, 25, 25, 25, 25, 25, 25, 25, 25, 25, 25, 25, 25, 25, 25, 9, 29, 19, 25, 25, 9, 0, 19, 10]]

Output_Training = [[50, 50, 50, 50, 50, 50, 50, 50, 50, 50, 50, 50, 50, 50, 50, 50, 50, 50, 50, 50, 50, 50, 50, 50, 50], [29, 29, 29, 29, 29, 29, 29, 29, 29, 29, 29, 29, 29, 10, 59, 9, 10, 29, 30, 30, 49, 40, 9, 9, 8], [50, 50, 50, 50, 50, 50, 50, 50, 50, 50, 50, 50, 50, 50, 50, 50, 50, 50, 50, 50, 50, 50, 59, 19, 59], [50, 50, 50, 50, 50, 59, 59, 49, 49, 50, 51, 51, 51, 51, 20, 20, 20, 50, 50, 50, 50, 49, 59, 19, 9], [29, 29, 29, 29, 29, 10, 59, 29, 29, 29, 29, 29, 29, 10, 20, 20, 30, 30, 30, 30, 50, 20, 39, 20, 20], [29, 29, 29, 29, 29, 29, 29, 29, 29, 29, 29, 29, 29, 10, 59, 9, 10, 29, 30, 30, 49, 40, 9, 9, 50], [29, 29, 29, 29, 29, 10, 59, 29, 29, 29, 29, 29, 29, 10, 20, 20, 29, 30, 30, 30, 50, 39, 29, 29, 59], [29, 29, 29, 29, 29, 10, 59, 29, 29, 29, 29, 29, 29, 10, 20, 20, 30, 30, 30, 30, 50, 20, 39, 38, 20], [29, 29, 29, 29, 29, 10, 59, 29, 29, 29, 29, 29, 29, 10, 20, 20, 30, 30, 30, 30, 50, 20, 39, 20, 59], [29, 29, 29, 29, 29, 10, 59, 29, 29, 29, 29, 29, 29, 10, 20, 20, 29, 30, 30, 30, 50, 39, 29, 29, 9], [50, 50, 50, 50, 50, 50, 50, 50, 50, 50, 50, 50, 50, 50, 50, 50, 19, 59, 39, 50, 50, 19, 0, 39, 50], [50, 50, 50, 50, 50, 59, 59, 49, 49, 50, 51, 51, 51, 51, 20, 20, 20, 50, 50, 50, 50, 49, 59, 19, 50], [50, 50, 50, 50, 50, 59, 59, 49, 49, 50, 51, 51, 51, 51, 20, 20, 20, 50, 50, 50, 50, 49, 59, 0, 9], [50, 50, 50, 50, 50, 50, 50, 50, 50, 50, 50, 50, 50, 50, 50, 50, 19, 59, 39, 50, 50, 19, 0, 39, 20]]

Input_Test = Output_Training

Output_Test = [[100, 100, 100, 100, 100, 99, 100, 100, 100, 100, 100, 100, 100, 100, 101, 101, 100, 100, 100, 100, 100, 100, 101, 103, 100], [60, 60, 60, 59, 59, 59, 60, 59, 59, 60, 59, 60, 60, 21, 120, 18, 20, 60, 62, 62, 100, 80, 19, 20, 17], [100, 100, 100, 100, 100, 99, 100, 100, 100, 100, 100, 100, 100, 100, 100, 99, 102, 99, 101, 100, 100, 99, 120, 39, 120], [99, 100, 100, 100, 99, 118, 119, 98, 97, 100, 101, 102, 102, 101, 40, 37, 41, 98, 101, 100, 101, 101, 122, 38, 16], [59, 60, 59, 59, 59, 21, 121, 59, 59, 60, 59, 59, 59, 21, 39, 40, 59, 62, 61, 61, 101, 40, 80, 40, 40], [60, 59, 59, 59, 59, 59, 60, 59, 59, 60, 60, 60, 60, 21, 120, 18, 20, 60, 62, 62, 100, 79, 19, 20, 102], [59, 60, 59, 59, 59, 20, 121, 59, 59, 60, 59, 59, 60, 21, 39, 41, 59, 61, 61, 62, 101, 80, 60, 59, 120], [59, 60, 59, 59, 59, 21, 121, 59, 59, 60, 59, 59, 60, 22, 39, 39, 60, 62, 61, 62, 101, 40, 79, 77, 39], [59, 59, 59, 59, 59, 21, 121, 59, 59, 60, 59, 59, 60, 21, 40, 40, 59, 62, 61, 61, 101, 40, 80, 40, 119], [59, 60, 59, 59, 59, 20, 121, 59, 60, 60, 59, 59, 59, 21, 39, 40, 58, 61, 61, 62, 102, 80, 59, 59, 19], [100, 100, 100, 100, 100, 99, 100, 100, 100, 100, 100, 100, 100, 100, 101, 101, 40, 118, 78, 100, 101, 40, 1, 82, 101], [99, 99, 100, 99, 99, 117, 119, 98, 97, 100, 102, 102, 102, 101, 40, 37, 41, 98, 101, 100, 101, 101, 122, 38, 98], [99, 100, 100, 100, 99, 117, 119, 98, 97, 100, 102, 102, 102, 101, 40, 38, 40, 99, 101, 100, 101, 101, 123, -1, 17], [100, 100, 100, 100, 100, 99, 100, 100, 100, 100, 100, 100, 100, 100, 101, 101, 40, 118, 78, 100, 101, 40, 0, 82, 41]]

Expected_Output = [[100, 100, 100, 100, 100, 100, 100, 100, 100, 100, 100, 100, 100, 100, 100, 100, 100, 100, 100, 100, 100, 100, 100, 100, 100], [59, 59, 59, 59, 59, 59, 59, 59, 59, 59, 59, 59, 59, 20, 119, 19, 20, 59, 60, 60, 99, 80, 19, 19, 18], [100, 100, 100, 100, 100, 100, 100, 100, 100, 100, 100, 100, 100, 100, 100, 100, 100, 100, 100, 100, 100, 100, 119, 39, 119], [100, 100, 100, 100, 100, 119, 119, 99, 99, 100, 101, 101, 101, 101, 40, 40, 40, 100, 100, 100, 100, 99, 119, 39, 19], [59, 59, 59, 59, 59, 20, 119, 59, 59, 59, 59, 59, 59, 20, 40, 40, 60, 60, 60, 60, 100, 40, 79, 40, 40], [59, 59, 59, 59, 59, 59, 59, 59, 59, 59, 59, 59, 59, 20, 119, 19, 20, 59, 60, 60, 99, 80, 19, 19, 100], [59, 59, 59, 59, 59, 20, 119, 59, 59, 59, 59, 59, 59, 20, 40, 40, 59, 60, 60, 60, 100, 79, 59, 59, 119], [59, 59, 59, 59, 59, 20, 119, 59, 59, 59, 59, 59, 59, 20, 40, 40, 60, 60, 60, 60, 100, 40, 79, 78, 40], [59, 59, 59, 59, 59, 20, 119, 59, 59, 59, 59, 59, 59, 20, 40, 40, 60, 60, 60, 60, 100, 40, 79, 40, 119], [59, 59, 59, 59, 59, 20, 119, 59, 59, 59, 59, 59, 59, 20, 40, 40, 59, 60, 60, 60, 100, 79, 59, 59, 19], [100, 100, 100, 100, 100, 100, 100, 100, 100, 100, 100, 100, 100, 100, 100, 100, 39, 119, 79, 100, 100, 39, 0, 79, 100], [100, 100, 100, 100, 100, 119, 119, 99, 99, 100, 101, 101, 101, 101, 40, 40, 40, 100, 100, 100, 100, 99, 119, 39, 100], [100, 100, 100, 100, 100, 119, 119, 99, 99, 100, 101, 101, 101, 101, 40, 40, 40, 100, 100, 100, 100, 99, 119, 0, 19], [100, 100, 100, 100, 100, 100, 100, 100, 100, 100, 100, 100, 100, 100, 100, 100, 39, 119, 79, 100, 100, 39, 0, 79, 40]]

----------------------------------End Result 1----------------------------------

---------------------------------Begin Result 2---------------------------------

File_Name = 'Inspiral_100.xml'

Input_Training = [[25, 25, 25, 25, 25, 25, 25, 25, 25, 25, 25, 25, 25, 25, 25, 25, 25, 25, 25, 25, 25, 25, 25, 25, 20, 25, 25, 25, 20, 20, 25, 20, 25, 20, 25, 25, 25, 25, 25, 25, 25, 25, 25, 25, 25, 25, 15, 25, 5, 25, 25, 25, 25, 25, 25, 25, 25, 25, 25, 25, 25, 25, 25, 25, 25, 25, 25, 25, 25, 20, 20, 20, 20, 25, 25, 25, 25, 25, 25, 20, 20, 25, 25, 25, 25, 25, 25, 25, 25, 25, 25, 25, 25, 25, 25, 25, 25, 20, 25, 5], [25, 25, 25, 25, 25, 25, 25, 25, 25, 25, 25, 25, 25, 25, 25, 25, 25, 25, 25, 25, 25, 25, 25, 25, 20, 25, 25, 25, 20, 20, 25, 20, 25, 20, 25, 25, 25, 25, 25, 25, 25, 25, 25, 25, 25, 25, 15, 25, 5, 25, 25, 25, 25, 25, 25, 25, 25, 25, 25, 25, 25, 25, 25, 25, 25, 25, 25, 25, 25, 20, 20, 20, 20, 10, 10, 10, 10, 29, 29, 29, 29, 29, 29, 29, 10, 10, 10, 10, 29, 5, 25, 25, 25, 25, 25, 25, 25, 29, 29, 4], [4, 14, 29, 14, 29, 29, 5, 29, 20, 10, 10, 5, 25, 5, 10, 10, 10, 10, 5, 14, 14, 14, 14, 5, 4, 10, 5, 4, 5, 4, 10, 10, 10, 10, 10, 10, 10, 10, 10, 10, 10, 10, 13, 14, 14, 13, 29, 29, 4, 4, 4, 4, 4, 4, 4, 4, 4, 4, 4, 4, 4, 4, 4, 4, 4, 4, 4, 4, 4, 3, 3, 3, 3, 9, 29, 10, 29, 9, 14, 5, 5, 14, 5, 10, 5, 10, 10, 5, 5, 14, 14, 0, 3, 29, 14, 5, 5, 25, 29, 4], [25, 25, 25, 25, 25, 25, 25, 25, 25, 25, 25, 25, 25, 25, 25, 25, 25, 25, 25, 25, 25, 25, 25, 25, 20, 25, 25, 25, 20, 20, 25, 20, 25, 20, 25, 25, 25, 25, 25, 25, 25, 25, 25, 25, 25, 25, 15, 25, 5, 25, 25, 25, 25, 25, 25, 25, 25, 25, 25, 25, 25, 25, 25, 25, 25, 25, 25, 25, 25, 20, 20, 20, 20, 29, 29, 15, 10, 25, 25, 20, 20, 25, 25, 25, 25, 25, 25, 25, 25, 25, 25, 25, 25, 25, 25, 25, 25, 10, 10, 10], [25, 25, 25, 25, 25, 25, 25, 25, 25, 25, 25, 25, 25, 25, 25, 25, 25, 25, 25, 25, 25, 25, 25, 25, 20, 25, 25, 25, 20, 20, 25, 20, 25, 20, 25, 25, 25, 25, 25, 25, 25, 25, 25, 25, 25, 25, 15, 25, 5, 25, 25, 25, 25, 25, 25, 25, 25, 25, 25, 25, 25, 25, 25, 25, 25, 25, 25, 25, 25, 20, 20, 20, 20, 29, 29, 15, 10, 25, 25, 20, 20, 25, 25, 25, 25, 25, 25, 25, 25, 25, 25, 25, 25, 25, 25, 25, 25, 29, 10, 10], [25, 25, 25, 25, 25, 25, 25, 25, 25, 25, 25, 25, 25, 25, 25, 25, 25, 25, 25, 25, 25, 25, 25, 25, 20, 25, 25, 25, 20, 20, 25, 20, 25, 20, 25, 25, 25, 25, 25, 25, 25, 25, 25, 25, 25, 25, 29, 29, 4, 4, 4, 4, 4, 4, 4, 4, 4, 4, 4, 4, 4, 4, 4, 4, 4, 4, 4, 4, 4, 3, 3, 3, 3, 10, 29, 29, 10, 10, 10, 29, 5, 10, 10, 29, 29, 29, 29, 29, 29, 29, 10, 29, 9, 19, 29, 29, 19, 10, 10, 10], [4, 14, 29, 14, 29, 29, 5, 29, 20, 10, 10, 5, 25, 5, 10, 10, 10, 10, 5, 14, 14, 14, 14, 5, 4, 10, 5, 4, 5, 4, 10, 10, 10, 10, 10, 10, 10, 10, 10, 10, 10, 10, 13, 14, 14, 13, 29, 29, 4, 4, 4, 4, 4, 4, 4, 4, 4, 4, 4, 4, 4, 4, 4, 4, 4, 4, 4, 4, 4, 3, 3, 3, 3, 9, 29, 10, 29, 9, 14, 5, 5, 14, 5, 10, 5, 10, 10, 5, 5, 14, 14, 0, 3, 29, 14, 5, 5, 29, 29, 4], [4, 14, 29, 14, 29, 29, 5, 29, 20, 10, 10, 5, 25, 5, 10, 10, 10, 10, 5, 14, 14, 14, 14, 5, 4, 10, 5, 4, 5, 4, 10, 10, 10, 10, 10, 10, 10, 10, 10, 10, 10, 10, 13, 14, 14, 13, 29, 29, 4, 4, 4, 4, 4, 4, 4, 4, 4, 4, 4, 4, 4, 4, 4, 4, 4, 4, 4, 4, 4, 3, 3, 3, 3, 5, 29, 10, 29, 9, 14, 5, 5, 14, 5, 10, 5, 10, 10, 5, 5, 14, 14, 0, 3, 29, 14, 5, 5, 4, 0, 0], [25, 25, 25, 25, 25, 25, 25, 25, 25, 25, 25, 25, 25, 25, 25, 25, 25, 25, 25, 25, 25, 25, 25, 10, 5, 10, 10, 5, 5, 29, 10, 5, 10, 5, 5, 5, 10, 10, 5, 10, 5, 10, 10, 10, 5, 25, 29, 29, 4, 0, 29, 0, 29, 0, 29, 0, 29, 0, 29, 0, 29, 0, 29, 0, 29, 0, 29, 0, 29, 3, 25, 25, 25, 5, 10, 10, 9, 10, 10, 29, 29, 29, 5, 5, 10, 14, 29, 29, 9, 29, 29, 5, 10, 15, 10, 20, 24, 4, 28, 0], [25, 25, 25, 25, 25, 25, 25, 25, 25, 25, 25, 25, 25, 25, 25, 25, 25, 25, 25, 25, 25, 25, 25, 10, 5, 10, 10, 5, 5, 29, 10, 5, 10, 5, 5, 5, 10, 10, 5, 10, 5, 10, 10, 10, 5, 25, 29, 29, 4, 0, 29, 0, 29, 0, 29, 0, 29, 0, 29, 0, 29, 0, 29, 0, 29, 0, 29, 0, 29, 3, 25, 25, 25, 5, 10, 10, 9, 10, 10, 29, 29, 29, 5, 5, 10, 14, 29, 29, 9, 29, 29, 5, 10, 15, 10, 20, 24, 29, 28, 0]]

Output_Training = [[50, 50, 50, 50, 50, 50, 50, 50, 50, 50, 50, 50, 50, 50, 50, 50, 50, 50, 50, 50, 50, 50, 50, 50, 40, 50, 50, 50, 40, 40, 50, 40, 50, 40, 50, 50, 50, 50, 50, 50, 50, 50, 50, 50, 50, 50, 30, 50, 10, 50, 50, 50, 50, 50, 50, 50, 50, 50, 50, 50, 50, 50, 50, 50, 50, 50, 50, 50, 50, 40, 40, 40, 40, 50, 50, 50, 50, 50, 50, 40, 40, 50, 50, 50, 50, 50, 50, 50, 50, 50, 50, 50, 50, 50, 50, 50, 50, 40, 50, 10], [50, 50, 50, 50, 50, 50, 50, 50, 50, 50, 50, 50, 50, 50, 50, 50, 50, 50, 50, 50, 50, 50, 50, 50, 40, 50, 50, 50, 40, 40, 50, 40, 50, 40, 50, 50, 50, 50, 50, 50, 50, 50, 50, 50, 50, 50, 30, 50, 10, 50, 50, 50, 50, 50, 50, 50, 50, 50, 50, 50, 50, 50, 50, 50, 50, 50, 50, 50, 50, 40, 40, 40, 40, 20, 20, 20, 20, 59, 59, 59, 59, 59, 59, 59, 20, 20, 20, 20, 59, 10, 50, 50, 50, 50, 50, 50, 50, 59, 59, 9], [9, 29, 59, 29, 59, 59, 10, 59, 40, 20, 20, 10, 50, 10, 20, 20, 20, 20, 10, 29, 29, 29, 29, 10, 9, 20, 10, 9, 10, 9, 20, 20, 20, 20, 20, 20, 20, 20, 20, 20, 20, 20, 28, 29, 29, 28, 59, 59, 9, 9, 9, 9, 9, 9, 9, 9, 9, 9, 9, 9, 9, 9, 9, 9, 9, 9, 9, 9, 9, 8, 8, 8, 8, 19, 59, 20, 59, 19, 29, 10, 10, 29, 10, 20, 10, 20, 20, 10, 10, 29, 29, 0, 8, 59, 29, 10, 10, 50, 59, 9], [50, 50, 50, 50, 50, 50, 50, 50, 50, 50, 50, 50, 50, 50, 50, 50, 50, 50, 50, 50, 50, 50, 50, 50, 40, 50, 50, 50, 40, 40, 50, 40, 50, 40, 50, 50, 50, 50, 50, 50, 50, 50, 50, 50, 50, 50, 30, 50, 10, 50, 50, 50, 50, 50, 50, 50, 50, 50, 50, 50, 50, 50, 50, 50, 50, 50, 50, 50, 50, 40, 40, 40, 40, 59, 59, 30, 20, 50, 50, 40, 40, 50, 50, 50, 50, 50, 50, 50, 50, 50, 50, 50, 50, 50, 50, 50, 50, 20, 20, 20], [50, 50, 50, 50, 50, 50, 50, 50, 50, 50, 50, 50, 50, 50, 50, 50, 50, 50, 50, 50, 50, 50, 50, 50, 40, 50, 50, 50, 40, 40, 50, 40, 50, 40, 50, 50, 50, 50, 50, 50, 50, 50, 50, 50, 50, 50, 30, 50, 10, 50, 50, 50, 50, 50, 50, 50, 50, 50, 50, 50, 50, 50, 50, 50, 50, 50, 50, 50, 50, 40, 40, 40, 40, 59, 59, 30, 20, 50, 50, 40, 40, 50, 50, 50, 50, 50, 50, 50, 50, 50, 50, 50, 50, 50, 50, 50, 50, 59, 20, 20], [50, 50, 50, 50, 50, 50, 50, 50, 50, 50, 50, 50, 50, 50, 50, 50, 50, 50, 50, 50, 50, 50, 50, 50, 40, 50, 50, 50, 40, 40, 50, 40, 50, 40, 50, 50, 50, 50, 50, 50, 50, 50, 50, 50, 50, 50, 59, 59, 9, 9, 9, 9, 9, 9, 9, 9, 9, 9, 9, 9, 9, 9, 9, 9, 9, 9, 9, 9, 9, 8, 8, 8, 8, 20, 59, 59, 20, 20, 20, 59, 10, 20, 20, 59, 59, 59, 59, 59, 59, 59, 20, 59, 19, 39, 59, 59, 39, 20, 20, 20], [9, 29, 59, 29, 59, 59, 10, 59, 40, 20, 20, 10, 50, 10, 20, 20, 20, 20, 10, 29, 29, 29, 29, 10, 9, 20, 10, 9, 10, 9, 20, 20, 20, 20, 20, 20, 20, 20, 20, 20, 20, 20, 28, 29, 29, 28, 59, 59, 9, 9, 9, 9, 9, 9, 9, 9, 9, 9, 9, 9, 9, 9, 9, 9, 9, 9, 9, 9, 9, 8, 8, 8, 8, 19, 59, 20, 59, 19, 29, 10, 10, 29, 10, 20, 10, 20, 20, 10, 10, 29, 29, 0, 8, 59, 29, 10, 10, 50, 59, 9], [9, 29, 59, 29, 59, 59, 10, 59, 40, 20, 20, 10, 50, 10, 20, 20, 20, 20, 10, 29, 29, 29, 29, 10, 9, 20, 10, 9, 10, 9, 20, 20, 20, 20, 20, 20, 20, 20, 20, 20, 20, 20, 28, 29, 29, 28, 59, 59, 9, 9, 9, 9, 9, 9, 9, 9, 9, 9, 9, 9, 9, 9, 9, 9, 9, 9, 9, 9, 9, 8, 8, 8, 8, 10, 59, 20, 59, 19, 29, 10, 10, 29, 10, 20, 10, 20, 20, 10, 10, 29, 29, 0, 8, 59, 29, 10, 10, 9, 0, 0], [50, 50, 50, 50, 50, 50, 50, 50, 50, 50, 50, 50, 50, 50, 50, 50, 50, 50, 50, 50, 50, 50, 50, 20, 10, 20, 20, 10, 10, 59, 20, 10, 20, 10, 10, 10, 20, 20, 10, 20, 10, 20, 20, 20, 10, 50, 59, 59, 9, 0, 59, 0, 59, 0, 59, 0, 59, 0, 59, 0, 59, 0, 59, 0, 59, 0, 59, 0, 59, 8, 50, 50, 50, 10, 20, 20, 19, 20, 20, 59, 59, 59, 10, 10, 20, 29, 59, 59, 19, 59, 59, 10, 20, 30, 20, 40, 49, 9, 58, 0], [50, 50, 50, 50, 50, 50, 50, 50, 50, 50, 50, 50, 50, 50, 50, 50, 50, 50, 50, 50, 50, 50, 50, 20, 10, 20, 20, 10, 10, 59, 20, 10, 20, 10, 10, 10, 20, 20, 10, 20, 10, 20, 20, 20, 10, 50, 59, 59, 9, 0, 59, 0, 59, 0, 59, 0, 59, 0, 59, 0, 59, 0, 59, 0, 59, 0, 59, 0, 59, 8, 50, 50, 50, 10, 20, 20, 19, 20, 20, 59, 59, 59, 10, 10, 20, 29, 59, 59, 19, 59, 59, 10, 20, 30, 20, 40, 49, 59, 58, 0]]

Input_Test = Output_Training

Output_Test = [[100, 100, 100, 100, 100, 100, 100, 100, 100, 100, 100, 100, 100, 100, 100, 100, 100, 100, 100, 100, 100, 100, 100, 100, 80, 100, 100, 100, 80, 80, 100, 80, 100, 80, 100, 100, 100, 100, 100, 100, 100, 100, 100, 100, 100, 100, 59, 99, 20, 101, 100, 100, 101, 100, 100, 100, 100, 100, 100, 100, 100, 100, 100, 100, 100, 101, 100, 100, 100, 80, 80, 80, 80, 100, 100, 100, 99, 100, 100, 80, 80, 100, 100, 100, 100, 100, 100, 100, 100, 101, 100, 100, 100, 100, 100, 100, 100, 81, 98, 20], [101, 101, 100, 100, 100, 100, 101, 100, 100, 100, 101, 101, 100, 100, 100, 100, 100, 100, 100, 100, 100, 101, 100, 100, 80, 100, 101, 101, 81, 80, 101, 80, 100, 80, 100, 101, 101, 100, 101, 100, 100, 101, 101, 100, 100, 100, 60, 100, 20, 100, 101, 101, 101, 101, 100, 101, 101, 100, 100, 100, 100, 101, 101, 101, 101, 101, 101, 100, 101, 81, 80, 81, 81, 41, 41, 40, 38, 118, 119, 118, 118, 118, 119, 118, 40, 40, 40, 40, 119, 21, 100, 101, 101, 100, 100, 101, 100, 120, 118, 19], [18, 59, 120, 59, 120, 120, 21, 120, 81, 41, 41, 20, 102, 20, 40, 40, 41, 41, 21, 59, 59, 59, 59, 20, 18, 40, 20, 18, 20, 18, 41, 40, 41, 41, 40, 40, 41, 40, 40, 40, 41, 40, 57, 59, 58, 57, 119, 119, 18, 20, 20, 20, 20, 20, 20, 20, 20, 20, 20, 20, 20, 20, 20, 20, 20, 20, 20, 20, 20, 18, 18, 18, 18, 41, 120, 39, 119, 40, 60, 19, 22, 60, 21, 40, 20, 41, 41, 20, 20, 59, 60, 0, 18, 120, 59, 20, 20, 87, 120, 19], [100, 100, 100, 100, 100, 100, 100, 100, 100, 100, 100, 100, 100, 100, 100, 100, 100, 100, 100, 100, 100, 100, 100, 100, 80, 100, 100, 100, 80, 80, 100, 80, 100, 80, 100, 100, 100, 100, 100, 100, 100, 100, 100, 100, 100, 100, 59, 99, 20, 101, 101, 100, 100, 100, 100, 101, 100, 100, 100, 100, 100, 100, 101, 100, 100, 101, 100, 100, 100, 80, 81, 80, 80, 119, 119, 60, 39, 100, 100, 80, 80, 100, 100, 100, 100, 100, 101, 101, 100, 101, 100, 100, 100, 100, 100, 100, 100, 41, 37, 40], [100, 100, 99, 100, 100, 100, 100, 100, 100, 100, 100, 100, 100, 100, 100, 100, 100, 100, 100, 100, 100, 100, 100, 100, 80, 100, 100, 100, 80, 80, 100, 80, 100, 80, 100, 100, 100, 100, 100, 100, 100, 100, 100, 100, 100, 100, 59, 99, 20, 101, 100, 100, 100, 100, 100, 101, 100, 100, 100, 100, 100, 100, 101, 100, 101, 101, 100, 100, 100, 80, 80, 80, 80, 119, 119, 60, 39, 100, 100, 80, 79, 100, 100, 100, 100, 101, 101, 100, 100, 101, 100, 100, 100, 99, 100, 100, 100, 120, 37, 41], [101, 101, 100, 101, 99, 100, 101, 99, 100, 101, 100, 101, 100, 100, 101, 101, 101, 101, 101, 101, 100, 101, 100, 101, 80, 100, 100, 101, 80, 81, 101, 80, 101, 80, 100, 100, 100, 100, 100, 100, 100, 100, 100, 100, 100, 101, 117, 118, 18, 20, 20, 19, 20, 19, 20, 20, 20, 19, 20, 19, 20, 20, 20, 19, 20, 20, 20, 19, 20, 17, 18, 18, 18, 42, 119, 118, 39, 41, 40, 118, 22, 41, 41, 117, 119, 119, 120, 120, 118, 119, 41, 119, 39, 78, 118, 119, 79, 40, 38, 41], [18, 59, 120, 59, 120, 120, 21, 120, 81, 41, 41, 20, 102, 20, 40, 40, 41, 41, 21, 59, 59, 59, 59, 20, 18, 40, 20, 18, 20, 18, 41, 40, 41, 41, 40, 40, 41, 40, 40, 40, 41, 40, 57, 59, 58, 57, 119, 119, 18, 20, 20, 20, 20, 20, 20, 20, 20, 20, 20, 20, 20, 20, 20, 20, 20, 20, 20, 20, 20, 18, 18, 18, 18, 41, 120, 39, 119, 40, 60, 19, 22, 60, 21, 40, 20, 41, 41, 20, 20, 59, 60, 0, 18, 120, 59, 20, 20, 87, 120, 19], [19, 59, 120, 59, 120, 120, 21, 120, 81, 41, 41, 21, 102, 21, 41, 41, 41, 41, 20, 59, 59, 59, 59, 20, 18, 41, 20, 18, 20, 19, 41, 41, 41, 41, 41, 41, 41, 40, 40, 41, 41, 41, 57, 59, 59, 57, 119, 120, 18, 20, 20, 20, 21, 20, 20, 20, 20, 20, 21, 20, 20, 20, 20, 20, 20, 20, 20, 20, 20, 18, 18, 18, 18, 22, 120, 40, 120, 40, 60, 20, 22, 61, 21, 40, 20, 40, 40, 20, 20, 59, 60, 0, 18, 120, 58, 20, 20, 21, -1, 0], [101, 100, 100, 101, 101, 100, 101, 100, 101, 101, 101, 101, 100, 101, 101, 100, 101, 101, 101, 101, 101, 101, 101, 41, 20, 40, 40, 20, 20, 119, 40, 20, 40, 20, 20, 20, 40, 40, 20, 40, 20, 40, 40, 40, 20, 101, 118, 118, 18, 0, 120, 0, 119, 0, 120, 0, 119, 0, 120, 0, 120, 0, 120, 0, 120, 0, 120, 1, 120, 17, 102, 101, 101, 21, 40, 41, 38, 40, 40, 119, 119, 119, 20, 20, 41, 59, 120, 120, 38, 120, 119, 20, 41, 60, 40, 80, 99, 20, 119, 0], [101, 100, 100, 101, 100, 100, 101, 101, 100, 101, 101, 101, 100, 101, 101, 100, 101, 101, 101, 101, 101, 101, 101, 41, 20, 40, 40, 20, 20, 119, 40, 20, 40, 20, 20, 20, 40, 40, 20, 40, 20, 40, 40, 40, 20, 101, 118, 118, 18, 1, 120, 0, 119, 0, 120, 0, 119, 0, 120, 0, 120, 0, 120, 0, 120, 0, 120, 0, 120, 17, 101, 102, 102, 21, 40, 41, 38, 40, 40, 119, 119, 119, 20, 20, 41, 59, 120, 120, 38, 120, 119, 20, 41, 60, 40, 80, 99, 120, 118, 1]]

Expected_Output = [[100, 100, 100, 100, 100, 100, 100, 100, 100, 100, 100, 100, 100, 100, 100, 100, 100, 100, 100, 100, 100, 100, 100, 100, 80, 100, 100, 100, 80, 80, 100, 80, 100, 80, 100, 100, 100, 100, 100, 100, 100, 100, 100, 100, 100, 100, 60, 100, 20, 100, 100, 100, 100, 100, 100, 100, 100, 100, 100, 100, 100, 100, 100, 100, 100, 100, 100, 100, 100, 80, 80, 80, 80, 100, 100, 100, 100, 100, 100, 80, 80, 100, 100, 100, 100, 100, 100, 100, 100, 100, 100, 100, 100, 100, 100, 100, 100, 80, 100, 20], [100, 100, 100, 100, 100, 100, 100, 100, 100, 100, 100, 100, 100, 100, 100, 100, 100, 100, 100, 100, 100, 100, 100, 100, 80, 100, 100, 100, 80, 80, 100, 80, 100, 80, 100, 100, 100, 100, 100, 100, 100, 100, 100, 100, 100, 100, 60, 100, 20, 100, 100, 100, 100, 100, 100, 100, 100, 100, 100, 100, 100, 100, 100, 100, 100, 100, 100, 100, 100, 80, 80, 80, 80, 40, 40, 40, 40, 119, 119, 119, 119, 119, 119, 119, 40, 40, 40, 40, 119, 20, 100, 100, 100, 100, 100, 100, 100, 119, 119, 19], [19, 59, 119, 59, 119, 119, 20, 119, 80, 40, 40, 20, 100, 20, 40, 40, 40, 40, 20, 59, 59, 59, 59, 20, 19, 40, 20, 19, 20, 19, 40, 40, 40, 40, 40, 40, 40, 40, 40, 40, 40, 40, 58, 59, 59, 58, 119, 119, 19, 19, 19, 19, 19, 19, 19, 19, 19, 19, 19, 19, 19, 19, 19, 19, 19, 19, 19, 19, 19, 18, 18, 18, 18, 39, 119, 40, 119, 39, 59, 20, 20, 59, 20, 40, 20, 40, 40, 20, 20, 59, 59, 0, 18, 119, 59, 20, 20, 100, 119, 19], [100, 100, 100, 100, 100, 100, 100, 100, 100, 100, 100, 100, 100, 100, 100, 100, 100, 100, 100, 100, 100, 100, 100, 100, 80, 100, 100, 100, 80, 80, 100, 80, 100, 80, 100, 100, 100, 100, 100, 100, 100, 100, 100, 100, 100, 100, 60, 100, 20, 100, 100, 100, 100, 100, 100, 100, 100, 100, 100, 100, 100, 100, 100, 100, 100, 100, 100, 100, 100, 80, 80, 80, 80, 119, 119, 60, 40, 100, 100, 80, 80, 100, 100, 100, 100, 100, 100, 100, 100, 100, 100, 100, 100, 100, 100, 100, 100, 40, 40, 40], [100, 100, 100, 100, 100, 100, 100, 100, 100, 100, 100, 100, 100, 100, 100, 100, 100, 100, 100, 100, 100, 100, 100, 100, 80, 100, 100, 100, 80, 80, 100, 80, 100, 80, 100, 100, 100, 100, 100, 100, 100, 100, 100, 100, 100, 100, 60, 100, 20, 100, 100, 100, 100, 100, 100, 100, 100, 100, 100, 100, 100, 100, 100, 100, 100, 100, 100, 100, 100, 80, 80, 80, 80, 119, 119, 60, 40, 100, 100, 80, 80, 100, 100, 100, 100, 100, 100, 100, 100, 100, 100, 100, 100, 100, 100, 100, 100, 119, 40, 40], [100, 100, 100, 100, 100, 100, 100, 100, 100, 100, 100, 100, 100, 100, 100, 100, 100, 100, 100, 100, 100, 100, 100, 100, 80, 100, 100, 100, 80, 80, 100, 80, 100, 80, 100, 100, 100, 100, 100, 100, 100, 100, 100, 100, 100, 100, 119, 119, 19, 19, 19, 19, 19, 19, 19, 19, 19, 19, 19, 19, 19, 19, 19, 19, 19, 19, 19, 19, 19, 18, 18, 18, 18, 40, 119, 119, 40, 40, 40, 119, 20, 40, 40, 119, 119, 119, 119, 119, 119, 119, 40, 119, 39, 79, 119, 119, 79, 40, 40, 40], [19, 59, 119, 59, 119, 119, 20, 119, 80, 40, 40, 20, 100, 20, 40, 40, 40, 40, 20, 59, 59, 59, 59, 20, 19, 40, 20, 19, 20, 19, 40, 40, 40, 40, 40, 40, 40, 40, 40, 40, 40, 40, 58, 59, 59, 58, 119, 119, 19, 19, 19, 19, 19, 19, 19, 19, 19, 19, 19, 19, 19, 19, 19, 19, 19, 19, 19, 19, 19, 18, 18, 18, 18, 39, 119, 40, 119, 39, 59, 20, 20, 59, 20, 40, 20, 40, 40, 20, 20, 59, 59, 0, 18, 119, 59, 20, 20, 119, 119, 19], [19, 59, 119, 59, 119, 119, 20, 119, 80, 40, 40, 20, 100, 20, 40, 40, 40, 40, 20, 59, 59, 59, 59, 20, 19, 40, 20, 19, 20, 19, 40, 40, 40, 40, 40, 40, 40, 40, 40, 40, 40, 40, 58, 59, 59, 58, 119, 119, 19, 19, 19, 19, 19, 19, 19, 19, 19, 19, 19, 19, 19, 19, 19, 19, 19, 19, 19, 19, 19, 18, 18, 18, 18, 20, 119, 40, 119, 39, 59, 20, 20, 59, 20, 40, 20, 40, 40, 20, 20, 59, 59, 0, 18, 119, 59, 20, 20, 19, 0, 0], [100, 100, 100, 100, 100, 100, 100, 100, 100, 100, 100, 100, 100, 100, 100, 100, 100, 100, 100, 100, 100, 100, 100, 40, 20, 40, 40, 20, 20, 119, 40, 20, 40, 20, 20, 20, 40, 40, 20, 40, 20, 40, 40, 40, 20, 100, 119, 119, 19, 0, 119, 0, 119, 0, 119, 0, 119, 0, 119, 0, 119, 0, 119, 0, 119, 0, 119, 0, 119, 18, 100, 100, 100, 20, 40, 40, 39, 40, 40, 119, 119, 119, 20, 20, 40, 59, 119, 119, 39, 119, 119, 20, 40, 60, 40, 80, 99, 19, 118, 0], [100, 100, 100, 100, 100, 100, 100, 100, 100, 100, 100, 100, 100, 100, 100, 100, 100, 100, 100, 100, 100, 100, 100, 40, 20, 40, 40, 20, 20, 119, 40, 20, 40, 20, 20, 20, 40, 40, 20, 40, 20, 40, 40, 40, 20, 100, 119, 119, 19, 0, 119, 0, 119, 0, 119, 0, 119, 0, 119, 0, 119, 0, 119, 0, 119, 0, 119, 0, 119, 18, 100, 100, 100, 20, 40, 40, 39, 40, 40, 119, 119, 119, 20, 20, 40, 59, 119, 119, 39, 119, 119, 20, 40, 60, 40, 80, 99, 119, 118, 0]]

----------------------------------End Result 2----------------------------------


---------------------------------Begin Result 3---------------------------------

File_Name = 'Inspiral_30.xml'

Input_Training = [[25, 25, 25, 25, 25, 25, 25, 25, 25, 25, 25, 25, 25, 25, 25, 25, 25, 25, 25, 25, 25, 25, 25, 25, 25, 20, 25, 25, 25, 25], [25, 25, 25, 25, 25, 25, 25, 25, 25, 25, 25, 25, 25, 25, 25, 4, 4, 29, 29, 29, 4, 4, 15, 15, 29, 14, 10, 14, 24, 29], [0, 0, 25, 25, 25, 25, 25, 29, 9, 14, 10, 14, 14, 10, 10, 4, 4, 4, 4, 10, 10, 10, 19, 20, 19, 15, 15, 25, 29, 10], [25, 25, 25, 25, 25, 25, 25, 25, 25, 25, 25, 25, 25, 25, 25, 4, 4, 29, 29, 29, 4, 4, 14, 14, 29, 14, 10, 14, 24, 29], [0, 0, 25, 25, 25, 25, 25, 29, 9, 14, 10, 14, 14, 10, 10, 4, 4, 4, 4, 10, 10, 10, 10, 20, 19, 15, 15, 25, 29, 10], [25, 25, 25, 25, 25, 25, 25, 25, 25, 25, 25, 25, 25, 25, 25, 25, 25, 25, 25, 25, 25, 25, 19, 19, 15, 20, 25, 25, 25, 4], [25, 25, 25, 25, 25, 25, 25, 25, 25, 25, 25, 25, 25, 25, 25, 4, 4, 29, 29, 29, 4, 4, 15, 15, 29, 14, 10, 14, 24, 25], [0, 0, 25, 25, 25, 25, 25, 10, 10, 14, 10, 14, 14, 10, 4, 3, 3, 3, 3, 3, 3, 3, 10, 14, 10, 5, 14, 14, 14, 29], [25, 25, 25, 25, 25, 25, 25, 25, 25, 25, 25, 25, 25, 25, 25, 25, 25, 25, 25, 25, 25, 25, 24, 25, 25, 20, 25, 25, 25, 4], [25, 25, 25, 25, 25, 25, 25, 25, 25, 25, 25, 25, 25, 25, 25, 25, 25, 25, 25, 25, 25, 25, 20, 19, 15, 20, 25, 25, 25, 25]]

Output_Training = [[50, 50, 50, 50, 50, 50, 50, 50, 50, 50, 50, 50, 50, 50, 50, 50, 50, 50, 50, 50, 50, 50, 50, 50, 50, 40, 50, 50, 50, 50], [50, 50, 50, 50, 50, 50, 50, 50, 50, 50, 50, 50, 50, 50, 50, 9, 9, 59, 59, 59, 9, 9, 30, 30, 59, 29, 20, 29, 49, 59], [0, 0, 50, 50, 50, 50, 50, 59, 19, 29, 20, 29, 29, 20, 20, 9, 9, 9, 9, 20, 20, 20, 39, 40, 39, 30, 30, 50, 59, 20], [50, 50, 50, 50, 50, 50, 50, 50, 50, 50, 50, 50, 50, 50, 50, 9, 9, 59, 59, 59, 9, 9, 29, 29, 59, 29, 20, 29, 49, 59], [0, 0, 50, 50, 50, 50, 50, 59, 19, 29, 20, 29, 29, 20, 20, 9, 9, 9, 9, 20, 20, 20, 20, 40, 39, 30, 30, 50, 59, 20], [50, 50, 50, 50, 50, 50, 50, 50, 50, 50, 50, 50, 50, 50, 50, 50, 50, 50, 50, 50, 50, 50, 39, 39, 30, 40, 50, 50, 50, 9], [50, 50, 50, 50, 50, 50, 50, 50, 50, 50, 50, 50, 50, 50, 50, 9, 9, 59, 59, 59, 9, 9, 30, 30, 59, 29, 20, 29, 49, 59], [0, 0, 50, 50, 50, 50, 50, 20, 20, 29, 20, 29, 29, 20, 9, 8, 8, 8, 8, 8, 8, 8, 20, 29, 20, 10, 29, 29, 29, 59], [50, 50, 50, 50, 50, 50, 50, 50, 50, 50, 50, 50, 50, 50, 50, 50, 50, 50, 50, 50, 50, 50, 49, 50, 50, 40, 50, 50, 50, 9], [50, 50, 50, 50, 50, 50, 50, 50, 50, 50, 50, 50, 50, 50, 50, 50, 50, 50, 50, 50, 50, 50, 40, 39, 30, 40, 50, 50, 50, 50]]

Input_Test = Output_Training

Output_Test = [[99, 99, 98, 101, 99, 100, 99, 99, 100, 99, 98, 100, 100, 98, 98, 99, 100, 98, 99, 100, 100, 100, 98, 100, 100, 80, 100, 99, 99, 100], [100, 100, 98, 100, 99, 99, 99, 101, 100, 99, 99, 100, 100, 99, 100, 18, 19, 117, 118, 118, 19, 19, 57, 61, 120, 59, 41, 59, 98, 119], [1, 0, 100, 101, 100, 99, 100, 118, 38, 59, 41, 58, 58, 40, 40, 19, 20, 18, 19, 40, 42, 43, 78, 83, 81, 61, 60, 101, 119, 41], [100, 100, 98, 100, 99, 99, 99, 102, 100, 99, 99, 100, 100, 99, 100, 18, 20, 117, 118, 118, 19, 19, 55, 61, 119, 59, 41, 59, 99, 119], [2, 0, 100, 101, 100, 99, 101, 118, 38, 59, 41, 59, 58, 41, 41, 19, 20, 18, 19, 40, 42, 43, 38, 83, 82, 61, 60, 101, 119, 41], [99, 99, 98, 101, 99, 99, 99, 99, 100, 99, 99, 100, 100, 99, 99, 99, 100, 99, 99, 100, 99, 100, 78, 79, 61, 80, 100, 99, 99, 21], [100, 100, 98, 100, 99, 99, 99, 101, 100, 99, 99, 100, 100, 99, 100, 18, 19, 117, 118, 118, 19, 19, 57, 61, 120, 59, 41, 59, 98, 119], [2, 2, 100, 101, 99, 99, 101, 40, 41, 58, 41, 59, 59, 41, 19, 19, 19, 17, 17, 18, 20, 19, 37, 60, 40, 21, 60, 59, 59, 120], [99, 99, 98, 101, 99, 100, 98, 100, 100, 99, 98, 100, 100, 98, 99, 99, 100, 98, 99, 100, 100, 100, 98, 100, 100, 81, 100, 99, 99, 20], [99, 99, 99, 101, 99, 99, 99, 99, 100, 99, 98, 100, 100, 98, 98, 99, 100, 98, 99, 100, 100, 100, 78, 79, 61, 80, 100, 99, 99, 101]]

Expected_Output = [[100, 100, 100, 100, 100, 100, 100, 100, 100, 100, 100, 100, 100, 100, 100, 100, 100, 100, 100, 100, 100, 100, 100, 100, 100, 80, 100, 100, 100, 100], [100, 100, 100, 100, 100, 100, 100, 100, 100, 100, 100, 100, 100, 100, 100, 19, 19, 119, 119, 119, 19, 19, 60, 60, 119, 59, 40, 59, 99, 119], [0, 0, 100, 100, 100, 100, 100, 119, 39, 59, 40, 59, 59, 40, 40, 19, 19, 19, 19, 40, 40, 40, 79, 80, 79, 60, 60, 100, 119, 40], [100, 100, 100, 100, 100, 100, 100, 100, 100, 100, 100, 100, 100, 100, 100, 19, 19, 119, 119, 119, 19, 19, 59, 59, 119, 59, 40, 59, 99, 119], [0, 0, 100, 100, 100, 100, 100, 119, 39, 59, 40, 59, 59, 40, 40, 19, 19, 19, 19, 40, 40, 40, 40, 80, 79, 60, 60, 100, 119, 40], [100, 100, 100, 100, 100, 100, 100, 100, 100, 100, 100, 100, 100, 100, 100, 100, 100, 100, 100, 100, 100, 100, 79, 79, 60, 80, 100, 100, 100, 19], [100, 100, 100, 100, 100, 100, 100, 100, 100, 100, 100, 100, 100, 100, 100, 19, 19, 119, 119, 119, 19, 19, 60, 60, 119, 59, 40, 59, 99, 100], [0, 0, 100, 100, 100, 100, 100, 40, 40, 59, 40, 59, 59, 40, 19, 18, 18, 18, 18, 18, 18, 18, 40, 59, 40, 20, 59, 59, 59, 119], [100, 100, 100, 100, 100, 100, 100, 100, 100, 100, 100, 100, 100, 100, 100, 100, 100, 100, 100, 100, 100, 100, 99, 100, 100, 80, 100, 100, 100, 19], [100, 100, 100, 100, 100, 100, 100, 100, 100, 100, 100, 100, 100, 100, 100, 100, 100, 100, 100, 100, 100, 100, 80, 79, 60, 80, 100, 100, 100, 100]]

----------------------------------End Result 3----------------------------------
